112597
112599
119206
125572
134483
146622
147269
164154
165082
165815
166450
166603
167363
168382
170510
171138
172952
172958
174480
176322
180364
180751
181506
183015
183492
184655
187936
187960
188583
190653
192573
192574
192751
192756
192762
192778
193136
193415
194101
194975
194977
194981
195275
195737
195770
195824
196005
196007
196298
196541
197005
197007
197049
197329
19733
197332
197604
197745
198012
198043
198132
198161
198193
198334
198731
199259
199309
199336
199366
199938
200630
200754
200791
202100
202772
202958
204329
205532
205967
206118
206444
206528
207372
207530
207670
207706
208667
209410
209774
211585
211587
211713
213642
216405
216467
216478
216644
217971
218027
218142
218159
218300
218306
218308
218310
218584
219636
219878
220258
221053
221139
221177
221896
222253
222824
222864
222865
222866
222868
222878
223178
223207
223484
224095
224196
224907
225199
226608
227939
228876
228882
229237
229921
230180
230182
230183
230369
232006
232530
232813
233807
233808
233809
234141
234142
234342
234803
235115
235302
235930
236066
236810
236812
236815
236819
236823
236828
236831
237169
237726
238970
238976
240926
242950
244784
244908
245336
246155
247039
247197
249061
249240
250717
251331
251333
251740
252002
252092
252093
254684
254687
254833
254872
255006
255191
255307
255308
255329
255347
255352
256079
256580
256603
256605
256767
256853
256975
256980
256985
257017
257381
257861
257864
257918
257926
257999
258252
258904
258916
258927
259041
259072
259233
259273
259286
259389
259439
259471
259480
259856
259917
260555
261438
261649
261803
261805
261937
263514
263537
263613
263858
264126
264242
264527
264698
264887
264958
264962
264963
264983
264984
265010
265174
265269
265312
265408
265410
265412
265413
265414
265415
265551
265816
266118
266120
266122
266140
266262
266428
266483
266539
266595
266640
266723
267035
267390
267481
267494
267523
267528
267782
268281
269091
269612
270332
270516
270644
271323
272317
273135
273138
273151
273343
273357
273599
273718
273819
273823
274604
274613
274632
274821
275359
275722
277176
277573
278222
279043
280132
280205
280601
282667
285801
286934
287663
287666
288029
290291
292972
292995
293191
294774
295030
295335
296107
296145
297807
299849
302394
302407
302420
302439
303030
303125
303156
303215
303667
306270
308908
310114
310554
310643
312324
312363
313029
313047
313276
313365
313519
314500
314558
314560
314584
314998
314999
315248
315897
315970
316071
316106
316595
317797
317798
317811
317919
317920
317921
317925
317926
317931
317994
318070
318074
318075
318086
319126
319259
319269
319878
320081
320175
320188
320612
320799
321354
321427
321428
321450
321468
321469
321690
321708
323208
324215
324333
324531
325813
325950
326033
326221
326228
326481
326841
326949
327029
327060
327147
327379
327380
327582
327749
327919
327936
327994
328011
328130
328142
328278
328542
328772
328996
328998
328999
329054
329155
329197
329200
329247
331383
331740
331878
332601
332851
332852
333137
333850
334448
335419
335920
336365
336421
337345
337624
337643
337653
337673
337973
338107
338578
339024
339291
339616
339790
341818
341820
342002
342352
342356
342364
342686
342694
342782
343780
348487
349082
349176
349550
351118
358317
361933
368052
369023
371768
384431
385395
389230
397877
398676
400164
404763
406064
407606
407710
408030
408034
408185
408450
410048
411543
411797
411935
411936
412186
412261
414086
414337
414448
418684
418740
419327
419902
420290
420433
420785
420858
420897
421569
423708
424060
424262
425761
425868
426374
426423
426497
428161
428701
430704
431585
432662
432778
433111
440697
441455
444377
446237
447633
461000
462107
463008
463524
463626
463991
464701
471213
471541
472106
472661
472769
472772
473443
473446
473448
473558
474267
476163
476180
478452
479629
482434
482862
483749
485384
485482
486675
488045
490090
490819
496963
497876
499942
499946
90428
